2
3.28491716
4.533173833
5.709248523
6.779860664
7.714999668
8.488847708
9.080566345
9.474921682
9.662728065
9.641096379
9.413479483
8.989514029
8.384664646
7.619683012
6.719900388
5.71437769
4.634941763
3.515140233
2.389149863
1.290674744
0.251870823
-0.697667765
-1.531827354
-2.228768502
-2.771569325
-3.148698046
-3.35430027
-3.388292806
-3.256262435
-2.969174632
-2.542903652
-1.997601414
-1.356927965
-0.647170958
0.103714843
0.867114388
1.614770472
2.31977791
2.957519502
3.506511685
3.949131023
4.272196926
4.467391064
4.531499667
4.466471086
4.279287444
3.981655679
3.589529535
3.122479941
2.602936476
2.055327079
1.505146677
0.977987895
0.498568279
0.08978864
-0.228144007
-0.438497629
-0.528672549
-0.490711348
-0.321642757
-0.023646755
0.395965701
0.924958426
1.546554914
2.239989785
2.981208335
3.743690547
4.499371463
5.219626414
5.87628716
6.44265381
6.894467326
7.21080863
7.374892653
7.374729128
7.203626311
6.860519105
6.35010891
5.682808894
4.874494966
3.946069313
2.922849783
1.833804316
0.710655012
-0.413119108
-1.503347991
-2.526269998
-3.449628512
-4.243729245
-4.882422927
-5.343980431
-5.611830807
-5.675137202
-5.52919089
-5.175609677
-4.622333348
-3.883415556
-2.978618286
-1.932821586
-0.775267359
0.461338436
1.741836165
3.029702676
4.288185825
5.48144645
6.575670642
7.540116139
8.34805888
8.977609043
9.412370281
9.641921024
9.66210267
9.475105866
9.089352785
8.519180042
7.784333488
6.90929229
5.922445335
4.855147777
3.740689449
2.613209633
1.506594357
0.453392764
-0.516211663
-1.375341267
-2.101245154
-2.675974411
-3.086890171
-3.3269888
-3.395034755
-3.295498167
-3.038300863
-2.638380971
-2.115092377
-1.49146082
-0.793323185
-0.048380373
0.714803022
1.467817424
2.183410022
2.83643504
3.404719871
3.86981752
4.21761981
4.43881076
4.529145114
4.489543149
4.325999302
4.049308594
3.674621221
3.220841596
2.709893561
2.165878082
1.614153509
1.080371138
0.589500353
0.164878012
-0.172684122
-0.405702098
-0.520703954
-0.508770774
-0.365914995
-0.093281991
0.302832897
0.811153331
1.415771852
2.096669319
2.830386577
3.590825689
4.350153466
5.079776378
5.751353301
6.33781111
6.814327847
7.159249123
7.354905569
7.388302329
7.251655865
6.942758406
6.465156165
5.82813372
5.046503501
4.140205959
3.133732416
2.055388691
0.936423039
-0.189953335
-1.289621183
-2.328648836
-3.274392312
-4.096563359
-4.768229803
-5.266714667
-5.574363783
-5.6791559
-5.575134385
-5.262645557
-4.748374985
-4.045179816
-3.171721913
-2.151913214
-1.014190938
0.209354092
1.483967818
2.773309923
4.040582407
5.249673047
6.366276558
7.358956964
8.200116694
8.866840983
9.341590333
9.612718815
9.674801797
9.528762991
9.181797371
8.647093276
7.943363617
7.094202432
6.127288741
5.073464634
3.965718623
2.838108286
1.724658125
0.65826922
-0.3303233
-1.213510714
-1.96765775
-2.573808843
-3.018231069
-3.292776884
-3.395055879
-3.328411348
-3.101704
-2.728911742
-2.228560589
-1.623007445
-0.937600432
-0.199746469
0.562081173
1.319360724
2.044529868
2.711948989
3.298786618
3.785796792
4.157961937
4.404979584
4.521576792
4.507642102
4.368171283
4.113029572
3.756539508
3.316909516
2.815523906
2.276119779
1.723880221
1.184476094
0.683090484
0.243460492
-0.113029572
-0.368171283
-0.507642102
-0.521576792
-0.404979584
-0.157961937
0.214203208
0.701213382
1.288051011
1.955470132
2.680639276
3.437918827
4.199746469
4.937600432
5.623007445
6.228560589
6.728911742
7.101704
7.328411348
7.395055879
7.292776884
7.018231069
6.573808843
5.96765775
5.213510714
4.3303233
3.34173078
2.275341875
1.161891714
0.034281377
-1.073464634
-2.127288741
-3.094202432
-3.943363617
-4.647093276
-5.181797371
-5.528762991
-5.674801797
-5.612718815
-5.341590333
-4.866840983
-4.200116694
-3.358956964
-2.366276558
-1.249673047
-0.040582407
1.226690077
2.516032182
3.790645908
5.014190938
6.151913214
7.171721913
8.045179816
8.748374985
9.262645557
9.575134385
9.6791559
9.574363783
9.266714667
8.768229803
8.096563359
7.274392312
6.328648836
5.289621183
4.189953335
3.063576961
1.944611309
0.866267584
-0.140205959
-1.046503501
-1.82813372
-2.465156165
-2.942758406
-3.251655865
-3.388302329
-3.354905569
-3.159249123
-2.814327847
-2.33781111
-1.751353301
-1.079776378
-0.350153466
0.409174311
1.169613423
1.903330681
2.584228148
3.188846669
3.697167103
4.093281991
4.365914995
4.508770774
4.520703954
4.405702098
4.172684122
3.835121988
3.410499647
2.919628862
2.385846491
1.834121918
1.290106439
0.779158404
0.325378779
-0.049308594
-0.325999302
-0.489543149
-0.529145114
-0.43881076
-0.21761981
0.13018248
0.595280129
1.16356496
1.816589978
2.532182576
3.285196978
4.048380373
4.793323185
5.49146082
6.115092377
6.638380971
7.038300863
7.295498167
7.395034755
7.3269888
7.086890171
6.675974411
6.101245154
5.375341267
4.516211663
3.546607236
2.493405643
1.386790367
0.259310551
-0.855147777
-1.922445335
-2.90929229
-3.784333488
-4.519180042
-5.089352785
-5.475105866
-5.66210267
-5.641921024
-5.412370281
-4.977609043
-4.34805888
-3.540116139
-2.575670642
-1.48144645
-0.288185825
0.970297324
2.258163835
3.538661564
4.775267359
5.932821586
6.978618286
7.883415556
8.622333348
9.175609677
9.52919089
9.675137202
9.611830807
9.343980431
8.882422927
8.243729245
7.449628512
6.526269998
5.503347991
4.413119108
3.289344988
2.166195684
1.077150217
0.053930687
-0.874494966
-1.682808894
-2.35010891
-2.860519105
-3.203626311
-3.374729128
-3.374892653
-3.21080863
-2.894467326
-2.44265381
-1.87628716
-1.219626414
-0.499371463
0.256309453
1.018791665
1.760010215
2.453445086
3.075041574
3.604034299
4.023646755
4.321642757
4.490711348
4.528672549
4.438497629
4.228144007
3.91021136
3.501431721
3.022012105
2.494853323
1.944672921
1.397063524
0.877520059
0.410470465
0.018344321
-0.279287444
-0.466471086
-0.531499667
-0.467391064
-0.272196926
0.050868977
0.493488315
1.042480498
1.68022209
2.385229528
3.132885612
3.896285157
4.647170958
5.356927965
5.997601414
6.542903652
6.969174632
7.256262435
7.388292806
7.35430027
7.148698046
6.771569325
6.228768502
5.531827354
4.697667765
3.748129177
2.709325256
1.610850137
0.484859767
-0.634941763
-1.71437769
-2.719900388
-3.619683012
-4.384664646
-4.989514029
-5.413479483
-5.641096379
-5.662728065
-5.474921682
-5.080566345
-4.488847708
-3.714999668
-2.779860664
-1.709248523
-0.533173833
0.71508284
2
