0
0.367947057
0.730338194
1.081701383
1.416731116
1.730368517
2.017877729
2.274917425
2.497606363
2.682581988
2.827051207
2.928832567
2.986389191
2.998851988
2.966032771
2.888427103
2.767206814
2.604202303
2.401874903
2.163279714
1.89201947
1.592190144
1.268319093
0.925296699
0.568302526
0.202727108
-0.165909445
-0.532040802
-0.890138458
-1.234795217
-1.560806836
-1.863250611
-2.137559706
-2.379592115
-2.585693199
-2.752750878
-2.878242617
-2.960273517
-2.99760493
-2.989673161
-2.936597975
-2.839180799
-2.698892609
-2.517851727
-2.298791831
-2.045020678
-1.760370156
-1.449138428
-1.116025024
-0.766059885
-0.404527408
-0.036886655
0.331311078
0.694506086
1.047214203
1.384109613
1.700105269
1.990429704
2.250699084
2.476983396
2.665865797
2.814494203
2.920624359
2.982653721
2.99964566
2.971343601
2.898174899
2.781244386
2.622317687
2.42379456
2.188672662
1.920502283
1.623332736
1.301651217
0.960315048
0.604478331
0.239514121
-0.129066699
-0.49569864
-0.85484564
-1.201084656
-1.529187554
-1.834200053
-2.11151653
-2.356949565
-2.566793174
-2.737878764
-2.86762298
-2.954066711
-2.995904676
-2.992505132
-2.943919411
-2.850881146
-2.714795195
-2.537716426
-2.322318691
-2.071854447
-1.790105652
-1.48132665
-1.150179938
-0.801665759
-0.4410466
-0.073767734
0.294625009
0.658568978
1.012568699
1.351278852
1.669584988
1.962680754
2.226140467
2.455985942
2.648746563
2.801511686
2.911974592
2.978467314
2.999985826
2.976205204
2.90748453
2.794861472
2.640036612
2.445347773
2.213734714
1.948694741
1.654229902
1.33478655
0.995188211
0.640562746
0.276264923
-0.09220444
-0.459281536
-0.819423581
-1.167192507
-1.497337081
-1.80487219
-2.08515412
-2.333950677
-2.547505085
-2.72259272
-2.856569797
-2.94741329
-2.993751483
-2.994884678
-2.950795766
-2.862150478
-2.730287341
-2.557197457
-2.345494447
-2.098374981
-1.819570509
-1.513290917
-1.18416096
-0.837150431
-0.477499112
-0.11063766
0.257894396
0.622532303
0.977770108
1.318243796
1.63881229
1.934635074
2.201245288
2.434617177
2.631226875
2.78810562
2.902884575
2.973830603
2.999872436
2.980616846
2.91635459
2.808056013
2.6573564
2.466531283
2.238462079
1.976592584
1.68487697
1.367720081
1.029910915
0.676550318
0.312973958
-0.05532824
-0.422794995
-0.783877636
-1.133123896
-1.46526023
-1.775271454
-2.058476465
-2.310598928
-2.527831849
-2.706895058
-2.84508474
-2.940314261
-2.991145675
-2.996811439
-2.957226001
-2.872987093
-2.745366704
-2.576291875
-2.368315598
-2.124578269
-1.848760271
-1.545026394
-1.217962954
-0.872508538
-0.513879433
-0.147490859
0.221124794
0.58640151
0.942823692
1.28500944
1.607791825
1.906296903
2.176017311
2.412880331
2.613309382
2.774278029
2.893355681
2.96874429
2.999305506
2.98457786
2.924783737
2.820826014
2.674274432
2.487341886
2.262851019
2.004191593
1.715269309
1.400446831
1.06447791
0.712435604
0.349635675
-0.018443676
-0.386244532
-0.74821318
-1.098883971
-1.432961853
-1.745402322
-2.031487595
-2.286897847
-2.507776438
-2.69078815
-2.833169545
-2.932770696
-2.988087646
-2.998285122
-2.963209144
-2.883389352
-2.760031006
-2.594996793
-2.390778691
-2.15046035
-1.877670526
-1.576528284
-1.251580808
-0.907734733
-0.550182061
-0.18432176
0.18432176
0.550182061
0.907734733
1.251580808
1.576528284
1.877670526
2.15046035
2.390778691
2.594996793
2.760031006
2.883389352
2.963209144
2.998285122
2.988087646
2.932770696
2.833169545
2.69078815
2.507776438
2.286897847
2.031487595
1.745402322
1.432961853
1.098883971
0.74821318
0.386244532
0.018443676
-0.349635675
-0.712435604
-1.06447791
-1.400446831
-1.715269309
-2.004191593
-2.262851019
-2.487341886
-2.674274432
-2.820826014
-2.924783737
-2.98457786
-2.999305506
-2.96874429
-2.893355681
-2.774278029
-2.613309382
-2.412880331
-2.176017311
-1.906296903
-1.607791825
-1.28500944
-0.942823692
-0.58640151
-0.221124794
0.147490859
0.513879433
0.872508538
1.217962954
1.545026394
1.848760271
2.124578269
2.368315598
2.576291875
2.745366704
2.872987093
2.957226001
2.996811439
2.991145675
2.940314261
2.84508474
2.706895058
2.527831849
2.310598928
2.058476465
1.775271454
1.46526023
1.133123896
0.783877636
0.422794995
0.05532824
-0.312973958
-0.676550318
-1.029910915
-1.367720081
-1.68487697
-1.976592584
-2.238462079
-2.466531283
-2.6573564
-2.808056013
-2.91635459
-2.980616846
-2.999872436
-2.973830603
-2.902884575
-2.78810562
-2.631226875
-2.434617177
-2.201245288
-1.934635074
-1.63881229
-1.318243796
-0.977770108
-0.622532303
-0.257894396
0.11063766
0.477499112
0.837150431
1.18416096
1.513290917
1.819570509
2.098374981
2.345494447
2.557197457
2.730287341
2.862150478
2.950795766
2.994884678
2.993751483
2.94741329
2.856569797
2.72259272
2.547505085
2.333950677
2.08515412
1.80487219
1.497337081
1.167192507
0.819423581
0.459281536
0.09220444
-0.276264923
-0.640562746
-0.995188211
-1.33478655
-1.654229902
-1.948694741
-2.213734714
-2.445347773
-2.640036612
-2.794861472
-2.90748453
-2.976205204
-2.999985826
-2.978467314
-2.911974592
-2.801511686
-2.648746563
-2.455985942
-2.226140467
-1.962680754
-1.669584988
-1.351278852
-1.012568699
-0.658568978
-0.294625009
0.073767734
0.4410466
0.801665759
1.150179938
1.48132665
1.790105652
2.071854447
2.322318691
2.537716426
2.714795195
2.850881146
2.943919411
2.992505132
2.995904676
2.954066711
2.86762298
2.737878764
2.566793174
2.356949565
2.11151653
1.834200053
1.529187554
1.201084656
0.85484564
0.49569864
0.129066699
-0.239514121
-0.604478331
-0.960315048
-1.301651217
-1.623332736
-1.920502283
-2.188672662
-2.42379456
-2.622317687
-2.781244386
-2.898174899
-2.971343601
-2.99964566
-2.982653721
-2.920624359
-2.814494203
-2.665865797
-2.476983396
-2.250699084
-1.990429704
-1.700105269
-1.384109613
-1.047214203
-0.694506086
-0.331311078
0.036886655
0.404527408
0.766059885
1.116025024
1.449138428
1.760370156
2.045020678
2.298791831
2.517851727
2.698892609
2.839180799
2.936597975
2.989673161
2.99760493
2.960273517
2.878242617
2.752750878
2.585693199
2.379592115
2.137559706
1.863250611
1.560806836
1.234795217
0.890138458
0.532040802
0.165909445
-0.202727108
-0.568302526
-0.925296699
-1.268319093
-1.592190144
-1.89201947
-2.163279714
-2.401874903
-2.604202303
-2.767206814
-2.888427103
-2.966032771
-2.998851988
-2.986389191
-2.928832567
-2.827051207
-2.682581988
-2.497606363
-2.274917425
-2.017877729
-1.730368517
-1.416731116
-1.081701383
-0.730338194
-0.367947057
-2.6932E-12
